0.5988072156906128    0.9814603328704834    0.49650105834007263    0.495937317609787    0.16126054525375366    2.1893246173858643    0.09866563230752945    219.79116821289062    4.067605018615723    103.01316833496094    1.0416254997253418    0.04917098954319954    
0.7968689203262329    0.9945818781852722    0.4505634307861328    0.4868830740451813    0.16576266288757324    2.2318718433380127    0.09798374027013779    218.8192138671875    4.017223834991455    97.77603912353516    1.0218838453292847    0.04894557595252991    
0.6955492496490479    0.9753119945526123    0.604299008846283    0.49808037281036377    0.16512952744960785    2.319514036178589    0.0982058048248291    215.4668731689453    4.321047782897949    98.18389129638672    1.0290157794952393    0.050701867789030075    
0.5763583183288574    0.9612603783607483    0.6443580985069275    0.49853789806365967    0.1626247614622116    2.3316762447357178    0.09946880489587784    216.58349609375    4.4185471534729    100.99502563476562    1.0163471698760986    0.051613401621580124    
0.6409114599227905    0.9581971764564514    0.6903284788131714    0.4969852566719055    0.1647689789533615    2.3406827449798584    0.09996434301137924    215.73533630371094    4.464386463165283    99.76029968261719    1.0404161214828491    0.05167853832244873    
0.7633976936340332    0.9709389805793762    0.7065151929855347    0.503456711769104    0.16769607365131378    2.359851837158203    0.09918658435344696    215.7255401611328    4.46540641784668    97.66763305664062    1.0611913204193115    0.05026568844914436    
0.7701863050460815    0.9674631357192993    0.7260527610778809    0.5030373334884644    0.16813158988952637    2.365462064743042    0.09953843802213669    214.42672729492188    4.465151309967041    96.93646240234375    1.0656917095184326    0.05010558292269707    
0.7569705247879028    0.963346540927887    0.7395621538162231    0.5027500987052917    0.16790950298309326    2.3631551265716553    0.09987301379442215    212.37252807617188    4.473020076751709    96.79661560058594    1.0702654123306274    0.050259511917829514    
0.7100143432617188    0.9556766152381897    0.7627386450767517    0.5038672089576721    0.16697783768177032    2.3419995307922363    0.10051757097244263    207.03623962402344    4.501842975616455    96.98810577392578    1.0803450345993042    0.050771284848451614    
0.6913859248161316    0.9509825706481934    0.7739942073822021    0.5034451484680176    0.16667291522026062    2.334540367126465    0.10089214146137238    205.53955078125    4.514693260192871    97.08995056152344    1.0838942527770996    0.05101199820637703    
0.7012386918067932    0.9476526379585266    0.7814536690711975    0.5012275576591492    0.16677618026733398    2.3447680473327637    0.10088193416595459    206.4049530029297    4.5166497230529785    97.18285369873047    1.0852172374725342    0.0509512796998024    
0.7239795327186584    0.9457505941390991    0.7856886982917786    0.49878060817718506    0.1671333611011505    2.359952926635742    0.10047530382871628    207.90736389160156    4.512450695037842    97.27037048339844    1.0845540761947632    0.05063086748123169    
0.7458834052085876    0.945336639881134    0.786220371723175    0.4973561763763428    0.16761569678783417    2.37151837348938    0.09991974383592606    208.83343505859375    4.506156921386719    97.24620056152344    1.083397388458252    0.05019775778055191    
0.7694751620292664    0.9474101066589355    0.7829689383506775    0.4965587854385376    0.16847148537635803    2.381772041320801    0.09930706769227982    209.2442169189453    4.500737190246582    96.98625183105469    1.0828025341033936    0.04960205405950546    
0.7760510444641113    0.9458575248718262    0.7822498679161072    0.49635252356529236    0.16874444484710693    2.38507342338562    0.09912436455488205    209.29356384277344    4.499899864196777    96.90261840820312    1.0833057165145874    0.04943953827023506    
0.7741909027099609    0.9413625597953796    0.7839962244033813    0.4962121844291687    0.16855314373970032    2.3855080604553223    0.09912692755460739    209.2783660888672    4.499635696411133    97.02079772949219    1.0841182470321655    0.049517761915922165    
0.7634709477424622    0.9278243184089661    0.7900032997131348    0.49561330676078796    0.16770191490650177    2.3844900131225586    0.09921034425497055    209.2682647705078    4.497914791107178    97.49842834472656    1.08647620677948    0.04990584775805473    
0.7505324482917786    0.9119231700897217    0.7960175275802612    0.4946715235710144    0.1667536497116089    2.3830132484436035    0.09928429126739502    209.25103759765625    4.496163845062256    98.04718780517578    1.088749647140503    0.05037369206547737    
0.7471132278442383    0.9076026082038879    0.797097384929657    0.49436670541763306    0.16652388870716095    2.3825950622558594    0.09929889440536499    209.22642517089844    4.495945453643799    98.18959045410156    1.089284062385559    0.05049053952097893    
0.7404524683952332    0.8965057730674744    0.7983954548835754    0.49352115392684937    0.1660371571779251    2.3822216987609863    0.09938730299472809    209.04652404785156    4.495190620422363    98.4602279663086    1.0901271104812622    0.050736457109451294    
0.7396143078804016    0.8933621644973755    0.7981354594230652    0.49325457215309143    0.16593633592128754    2.3824002742767334    0.09943597763776779    208.9390869140625    4.494723320007324    98.495849609375    1.0901916027069092    0.05078066512942314    
0.7408713698387146    0.8854852914810181    0.7958647012710571    0.49253106117248535    0.16577056050300598    2.3835296630859375    0.09964238852262497    208.5070037841797    4.493159770965576    98.46405792236328    1.089874029159546    0.05081664398312569    
0.7452394366264343    0.8821431398391724    0.7932701110839844    0.49222540855407715    0.1657934933900833    2.3848588466644287    0.09982413053512573    208.13848876953125    4.492696285247803    98.31707000732422    1.0891903638839722    0.05073896050453186    
0.7464445233345032    0.8800148963928223    0.7918077707290649    0.4919781982898712    0.16576480865478516    2.385037899017334    0.09990159422159195    207.96055603027344    4.49235725402832    98.27407836914062    1.089118242263794    0.050721537321805954    
0.7471696138381958    0.8748679161071777    0.7886074185371399    0.49131107330322266    0.16563820838928223    2.3844428062438965    0.10003124922513962    207.61061096191406    4.491248607635498    98.24111938476562    1.0894771814346313    0.05072709918022156    
0.7478657364845276    0.8699976801872253    0.7849683165550232    0.49062126874923706    0.1655094474554062    2.3832764625549316    0.10014630854129791    207.2440185546875    4.490128993988037    98.20376586914062    1.0900620222091675    0.05072261020541191    
0.7515535950660706    0.8660068511962891    0.7785717844963074    0.48978978395462036    0.1654362976551056    2.3812527656555176    0.10030430555343628    206.6358642578125    4.490377426147461    98.02909851074219    1.0909209251403809    0.05060581490397453    
0.7519552111625671    0.8638796210289001    0.7764285802841187    0.4894598722457886    0.16538287699222565    2.38010835647583    0.10033929347991943    206.44361877441406    4.48969841003418    98.00023651123047    1.091355323791504    0.05058855563402176    
0.7520450353622437    0.8566387891769409    0.7696549892425537    0.4884030818939209    0.16517846286296844    2.3756139278411865    0.10040219128131866    205.8860321044922    4.486494541168213    97.9427719116211    1.0929027795791626    0.05055707320570946    
0.752453088760376    0.8525311350822449    0.7647919058799744    0.4877876341342926    0.1650611013174057    2.3725407123565674    0.10042653232812881    205.55369567871094    4.484745502471924    97.88218688964844    1.0937541723251343    0.05050961300730705    
0.7512510418891907    0.8466140031814575    0.7598537802696228    0.48716041445732117    0.16486351191997528    2.3693981170654297    0.10042830556631088    205.32411193847656    4.4819841384887695    97.90155792236328    1.0943886041641235    0.050506677478551865    
0.7488963603973389    0.8415384888648987    0.7573637366294861    0.48680853843688965    0.1646813154220581    2.368006706237793    0.10041636228561401    205.30746459960938    4.479568004608154    98.01446533203125    1.0945134162902832    0.050558801740407944    
0.7415805459022522    0.8286118507385254    0.75185626745224    0.4861370027065277    0.16424071788787842    2.3660640716552734    0.10038788616657257    205.51646423339844    4.474305152893066    98.40798950195312    1.0941667556762695    0.05073648691177368    
0.7350055575370789    0.8149173855781555    0.7425644993782043    0.4855453670024872    0.16383862495422363    2.362837076187134    0.10036945343017578    205.88829040527344    4.472538471221924    98.72169494628906    1.0927231311798096    0.0508531890809536    
0.7329886555671692    0.8108449578285217    0.7388538718223572    0.4854741096496582    0.1637451946735382    2.361400604248047    0.10038944333791733    206.0968017578125    4.472774028778076    98.82107543945312    1.0918468236923218    0.05089075118303299    
0.7286382913589478    0.799987256526947    0.7264595627784729    0.4854954481124878    0.1636103242635727    2.3550429344177246    0.10053584724664688    206.82151794433594    4.4774322509765625    98.96442413330078    1.08834707736969    0.050972070544958115    
0.7286714315414429    0.7950782179832458    0.7175518274307251    0.485625296831131    0.1637164056301117    2.348907470703125    0.10070887953042984    207.25831604003906    4.4855170249938965    98.79409790039062    1.0858403444290161    0.05094503238797188    
0.727707028388977    0.7901620268821716    0.7074453830718994    0.4859437048435211    0.16395460069179535    2.3426685333251953    0.10099605470895767    207.89865112304688    4.494408130645752    98.66081237792969    1.0833187103271484    0.0509704053401947    
0.724981427192688    0.7852873802185059    0.6964836716651917    0.4864071011543274    0.16426436603069305    2.337156295776367    0.10136621445417404    208.6673583984375    4.501742362976074    98.62059783935547    1.0812427997589111    0.051081378012895584    
0.7202374935150146    0.7805338501930237    0.6848105192184448    0.4869668483734131    0.16456958651542664    2.3327090740203857    0.1017862930893898    209.45486450195312    4.506150245666504    98.66089630126953    1.0798206329345703    0.05127302557229996    
0.7148252129554749    0.777435302734375    0.6782857179641724    0.4873131215572357    0.1646033376455307    2.332000732421875    0.10206305235624313    209.8941192626953    4.504447937011719    98.7879638671875    1.0792838335037231    0.05144110321998596    
0.6990333199501038    0.7693851590156555    0.6583818793296814    0.48850294947624207    0.164674311876297    2.329861879348755    0.10280784219503403    210.9279327392578    4.498757362365723    99.02903747558594    1.0784846544265747    0.05185597762465477    
0.6943047046661377    0.7662962079048157    0.6451435685157776    0.48928961157798767    0.1649896204471588    2.3265135288238525    0.10314761847257614    211.1750946044922    4.502581596374512    98.91918182373047    1.078446865081787    0.05198002606630325    
0.6906730532646179    0.7639191150665283    0.6302043795585632    0.48993024230003357    0.16548678278923035    2.324295997619629    0.10352621227502823    211.14166259765625    4.5090651512146    98.80097198486328    1.0784648656845093    0.052108753472566605    
0.6866424679756165    0.7617548108100891    0.6138633489608765    0.489882230758667    0.16606688499450684    2.3234801292419434    0.10400848835706711    210.71624755859375    4.5140228271484375    98.78802490234375    1.0783886909484863    0.052342262119054794    
0.6816762089729309    0.7600797414779663    0.604489803314209    0.4893656373023987    0.16611838340759277    2.324181318283081    0.10428961366415024    210.290771484375    4.510479927062988    98.89815521240234    1.0782009363174438    0.052595462650060654    
0.6679580807685852    0.7554000020027161    0.5837716460227966    0.48811569809913635    0.16571244597434998    2.3255069255828857    0.10481108725070953    209.07728576660156    4.493894577026367    99.2257308959961    1.0782902240753174    0.05328884720802307    
0.6586949825286865    0.750797688961029    0.5632591843605042    0.4877135753631592    0.1654319316148758    2.324277639389038    0.10523172467947006    207.8683319091797    4.480823993682861    99.43599700927734    1.0794559717178345    0.05385490879416466    
0.6548281311988831    0.747046947479248    0.5431987047195435    0.4882221817970276    0.16540363430976868    2.322228193283081    0.10559947788715363    207.00917053222656    4.473855972290039    99.56491088867188    1.0812170505523682    0.05421353131532669    
0.6534566283226013    0.7446377873420715    0.5224428176879883    0.48946306109428406    0.16527226567268372    2.3209285736083984    0.1058664321899414    206.54579162597656    4.470315933227539    99.74685668945312    1.0831983089447021    0.05441833660006523    
0.6489158868789673    0.7438767552375793    0.5012692213058472    0.4903428554534912    0.16441570222377777    2.320446252822876    0.10589639097452164    206.4608917236328    4.460343360900879    100.06803131103516    1.0853770971298218    0.054598987102508545    
0.6408573985099792    0.7449695467948914    0.474877268075943    0.49108293652534485    0.16279131174087524    2.3175082206726074    0.1057710275053978    206.56602478027344    4.442019462585449    100.57323455810547    1.0877156257629395    0.05482228472828865    
0.6313475966453552    0.7473531365394592    0.46772173047065735    0.48979905247688293    0.1617119014263153    2.316847085952759    0.10557226091623306    206.9952392578125    4.420996189117432    100.82744598388672    1.0888214111328125    0.05499046668410301    
0.6033557057380676    0.7559118270874023    0.44649380445480347    0.4867788851261139    0.15877920389175415    2.3118607997894287    0.10504289716482162    208.47482299804688    4.364360332489014    101.600830078125    1.0919588804244995    0.05534469708800316    
0.6069456934928894    0.7569347023963928    0.4409066140651703    0.48864683508872986    0.1587759405374527    2.30464768409729    0.10521148890256882    208.34054565429688    4.370862007141113    101.74874114990234    1.092606782913208    0.05536450818181038    
0.6184881329536438    0.7604880928993225    0.42585471272468567    0.4938884973526001    0.15922267735004425    2.290651321411133    0.10555054992437363    208.02047729492188    4.392775058746338    102.06597137451172    1.0937488079071045    0.055309977382421494    
0.6222808957099915    0.7655580043792725    0.40986135601997375    0.49640482664108276    0.1593303233385086    2.286381721496582    0.1058669239282608    208.2873077392578    4.402617454528809    102.26424407958984    1.095092535018921    0.055271781980991364    
0.6117820143699646    0.7654563188552856    0.40891921520233154    0.49518918991088867    0.15838319063186646    2.288609504699707    0.10601041465997696    208.3706817626953    4.401320457458496    102.17378997802734    1.0971075296401978    0.05531574413180351    
0.6002184748649597    0.7650688290596008    0.4086917042732239    0.4939523935317993    0.15759558975696564    2.2903027534484863    0.10596968978643417    208.3565673828125    4.396679878234863    102.14787292480469    1.0995808839797974    0.05530378967523575    
0.5802736282348633    0.7637239694595337    0.40387898683547974    0.49219751358032227    0.15646828711032867    2.290982484817505    0.10581018775701523    208.2909393310547    4.387327194213867    102.15098571777344    1.1040573120117188    0.05524973198771477    
0.6004173159599304    0.767306387424469    0.40287885069847107    0.49464526772499084    0.1574113368988037    2.291191816329956    0.10659214109182358    208.67227172851562    4.40317964553833    101.800048828125    1.1005845069885254    0.05534200742840767    
0.6051638126373291    0.7684119939804077    0.40033605694770813    0.4953662157058716    0.1576421856880188    2.290405750274658    0.10675325244665146    208.90101623535156    4.406015396118164    101.74165344238281    1.0992107391357422    0.05538085103034973    
0.6062948107719421    0.7685406804084778    0.395672470331192    0.4961957037448883    0.1579160988330841    2.287822723388672    0.10687829554080963    209.35609436035156    4.406815052032471    101.63888549804688    1.0985743999481201    0.05546733736991882    
0.6001829504966736    0.7658563852310181    0.3942936956882477    0.4963188171386719    0.15798847377300262    2.2848572731018066    0.10686182975769043    209.54397583007812    4.406071186065674    101.45855712890625    1.1002230644226074    0.05554081127047539    
0.5949495434761047    0.7650618553161621    0.3886902630329132    0.496682733297348    0.15815427899360657    2.2785532474517822    0.10671180486679077    209.93304443359375    4.4072089195251465    101.28778839111328    1.1017255783081055    0.055659886449575424    
0.5938356518745422    0.7653462290763855    0.3859204053878784    0.4967525005340576    0.1581934243440628    2.2760767936706543    0.10662882775068283    210.0461883544922    4.40746545791626    101.24908447265625    1.102239966392517    0.05568544194102287    
0.5928722620010376    0.7673717141151428    0.37569841742515564    0.49684783816337585    0.1582740694284439    2.2691967487335205    0.10631723701953888    210.42774963378906    4.403875827789307    101.22874450683594    1.1036155223846436    0.05570948123931885    
0.5926390886306763    0.7679728865623474    0.36914631724357605    0.497179239988327    0.15839901566505432    2.2647790908813477    0.10615817457437515    210.70083618164062    4.397450923919678    101.25638580322266    1.1042131185531616    0.05570387467741966    
0.5890976190567017    0.7652269601821899    0.3678847551345825    0.4976676404476166    0.158554807305336    2.2615108489990234    0.10618742555379868    210.6331329345703    4.393106460571289    101.20809173583984    1.1046913862228394    0.05568435788154602    
0.579552948474884    0.7576321363449097    0.3653031289577484    0.4991132318973541    0.15907159447669983    2.252272844314575    0.1064048632979393    210.3704071044922    4.3809380531311035    101.06950378417969    1.1053721904754639    0.055670421570539474    
0.5807545185089111    0.7576451897621155    0.35439950227737427    0.5002298355102539    0.15948370099067688    2.2451331615448    0.10622598230838776    211.09593200683594    4.364439964294434    101.1976547241211    1.105556845664978    0.05571160838007927    
0.581731379032135    0.7586275339126587    0.3504079580307007    0.5002436637878418    0.1595248430967331    2.2434980869293213    0.10611789673566818    211.383544921875    4.360797882080078    101.25685119628906    1.105712890625    0.05569746717810631    
0.5800061225891113    0.7584073543548584    0.34328824281692505    0.5002117156982422    0.1596350371837616    2.238828659057617    0.10606544464826584    211.62030029296875    4.354724884033203    101.24817657470703    1.1058334112167358    0.05563284829258919    
0.5759868621826172    0.7568768262863159    0.3363596498966217    0.5002859234809875    0.15976034104824066    2.233229637145996    0.10617828369140625    211.63265991210938    4.350380897521973    101.05998992919922    1.105257511138916    0.055540699511766434    
0.5746397376060486    0.75782710313797    0.3248381018638611    0.50035160779953    0.15990011394023895    2.2290618419647217    0.10619477182626724    212.1105499267578    4.348656177520752    100.77058410644531    1.1048204898834229    0.055374231189489365    
0.5702893137931824    0.7563755512237549    0.32217660546302795    0.5003038048744202    0.16001960635185242    2.225529432296753    0.10633820295333862    211.89505004882812    4.348820209503174    100.58126068115234    1.1038818359375    0.05534840375185013    
0.5609794855117798    0.7541570067405701    0.31380438804626465    0.49966904520988464    0.16055569052696228    2.2188260555267334    0.10652998834848404    211.46054077148438    4.350040912628174    100.28230285644531    1.1030741930007935    0.05528940632939339    
0.5661531686782837    0.7564756274223328    0.3109320104122162    0.49983739852905273    0.16053006052970886    2.223989963531494    0.10640468448400497    212.08885192871094    4.351950168609619    100.09965515136719    1.1042628288269043    0.055161863565444946    
0.5722712874412537    0.7607983350753784    0.30333858728408813    0.49995744228363037    0.16074591875076294    2.227886915206909    0.10629727691411972    213.06396484375    4.357789039611816    99.9159164428711    1.1056625843048096    0.05502856522798538    
0.5678063035011292    0.7572367787361145    0.30177900195121765    0.4996289908885956    0.16089601814746857    2.225583791732788    0.10620802640914917    212.70962524414062    4.360811233520508    100.09144592285156    1.105330228805542    0.05510161072015762    
0.5548880100250244    0.7486253976821899    0.3030650019645691    0.4994787573814392    0.16117820143699646    2.218271255493164    0.1060931459069252    211.30722045898438    4.362172603607178    100.49449920654297    1.1034377813339233    0.05535129830241203    
0.5610073208808899    0.7501855492591858    0.30191701650619507    0.49889546632766724    0.1610065996646881    2.2218918800354004    0.10609735548496246    212.0265350341797    4.36528205871582    100.40062713623047    1.1050405502319336    0.05517394095659256    
0.5681974291801453    0.7530714869499207    0.2974877655506134    0.49834585189819336    0.16106157004833221    2.2236735820770264    0.10609973967075348    212.79254150390625    4.371419906616211    100.33334350585938    1.1062840223312378    0.05507082864642143    
0.5660218000411987    0.750398576259613    0.29731684923171997    0.49793267250061035    0.16122302412986755    2.2210099697113037    0.10606089979410172    212.49327087402344    4.375429630279541    100.47746276855469    1.1066759824752808    0.05506967380642891    
0.5560805797576904    0.7428960800170898    0.3006022572517395    0.4974978566169739    0.1615101397037506    2.214082717895508    0.10598649829626083    211.34498596191406    4.379739284515381    100.81350708007812    1.106594204902649    0.05511346459388733    
0.5595973134040833    0.744117796421051    0.2990160882472992    0.4973609447479248    0.16149261593818665    2.214916229248047    0.10597038269042969    211.5876007080078    4.379690647125244    100.761474609375    1.1071562767028809    0.05508049204945564    
0.5735551118850708    0.7508902549743652    0.28971898555755615    0.4968453645706177    0.16157157719135284    2.2183077335357666    0.10602668672800064    212.77789306640625    4.384605407714844    100.56531524658203    1.1079188585281372    0.05502493306994438    
0.5751060843467712    0.7507200837135315    0.2882780134677887    0.4966825246810913    0.16163669526576996    2.2180566787719727    0.10600852966308594    212.8400115966797    4.385613441467285    100.55928802490234    1.1081675291061401    0.05501306802034378    
0.5700905323028564    0.7457255125045776    0.2912485599517822    0.4966074228286743    0.1617571860551834    2.21522855758667    0.10593429952859879    212.245361328125    4.384793281555176    100.67880249023438    1.10843026638031    0.055014122277498245    
0.5641624331474304    0.741034984588623    0.29473981261253357    0.4965522587299347    0.16185814142227173    2.2119967937469482    0.1058795228600502    211.63272094726562    4.384605407714844    100.80892181396484    1.1085209846496582    0.05502166226506233    
0.541973888874054    0.7256642580032349    0.3073458671569824    0.4961387515068054    0.16197969019412994    2.2005116939544678    0.10577686876058578    209.85415649414062    4.382809638977051    101.24449920654297    1.1088793277740479    0.05503086373209953    
0.5404810309410095    0.722993016242981    0.3090345561504364    0.4959583580493927    0.16198287904262543    2.198812484741211    0.1058308407664299    209.64080810546875    4.379104137420654    101.26555633544922    1.1086788177490234    0.054995596408843994    
0.5472214221954346    0.7250116467475891    0.30622342228889465    0.4957616925239563    0.16203093528747559    2.199450969696045    0.1059446930885315    209.75613403320312    4.3739824295043945    101.1571044921875    1.10788094997406    0.054935868829488754    
0.5602372884750366    0.7309728264808655    0.2993021011352539    0.4954710900783539    0.16211934387683868    2.2026352882385254    0.10610588639974594    210.2210235595703    4.366573333740234    100.97261047363281    1.1060901880264282    0.05487930774688721    
0.5758644938468933    0.7393969893455505    0.28926771879196167    0.4950302243232727    0.16225625574588776    2.2058496475219727    0.10628741979598999    210.8299102783203    4.358837127685547    100.8365707397461    1.1039835214614868    0.054833561182022095    
0.5829069018363953    0.7435488700866699    0.284898966550827    0.4949776530265808    0.16226144134998322    2.207911491394043    0.10635071992874146    211.11764526367188    4.355155944824219    100.72968292236328    1.1029813289642334    0.05480661615729332    
0.5832676887512207    0.7432702779769897    0.28539538383483887    0.4952315390110016    0.16215360164642334    2.2102549076080322    0.10634788125753403    211.28659057617188    4.353541851043701    100.6077651977539    1.1023467779159546    0.05479566380381584    
0.5801531076431274    0.7405799031257629    0.2882048189640045    0.4955427348613739    0.16203296184539795    2.212035655975342    0.10631891340017319    211.3553466796875    4.353092670440674    100.51776123046875    1.1020628213882446    0.05479590967297554    
0.5661382675170898    0.7290359139442444    0.30052450299263    0.4968456029891968    0.16157157719135284    2.2186930179595947    0.10616352409124374    211.5091552734375    4.352274417877197    100.19850158691406    1.1014156341552734    0.05481501296162605    
0.5568180084228516    0.7210440039634705    0.3083335757255554    0.4975149631500244    0.1613510549068451    2.221513271331787    0.1060866117477417    211.54782104492188    4.3517022132873535    100.06107330322266    1.10123610496521    0.05482177063822746    
0.5557703971862793    0.7208839654922485    0.30959275364875793    0.4979797303676605    0.16130851209163666    2.2240099906921387    0.10596513748168945    211.52357482910156    4.3551836013793945    99.96441650390625    1.1014198064804077    0.05486515909433365    
0.5612533092498779    0.7273366451263428    0.3056701421737671    0.49837806820869446    0.16138634085655212    2.2267520427703857    0.10578467696905136    211.4481964111328    4.362991809844971    99.89089965820312    1.1018879413604736    0.05495142564177513    
0.5652593374252319    0.7317792773246765    0.3022507429122925    0.4984895586967468    0.16147871315479279    2.2275238037109375    0.1056993156671524    211.40542602539062    4.368352890014648    99.89778900146484    1.1021130084991455    0.05500280484557152    
0.5698950290679932    0.7367660999298096    0.29724130034446716    0.4985003173351288    0.1616864800453186    2.2271227836608887    0.10560566186904907    211.34591674804688    4.377169609069824    99.9852523803711    1.102407455444336    0.0550723671913147    
0.5695903897285461    0.7363179326057434    0.29626011848449707    0.4984130263328552    0.1618448793888092    2.2256810665130615    0.10557448863983154    211.3010711669922    4.381629467010498    100.06886291503906    1.102710485458374    0.055094826966524124    
0.5653843283653259    0.7315276861190796    0.29844745993614197    0.49825286865234375    0.16198603808879852    2.223360061645508    0.10558326542377472    211.2371368408203    4.383091926574707    100.14517211914062    1.1031296253204346    0.055083222687244415    
0.558461606502533    0.7236918807029724    0.3027660846710205    0.4980259835720062    0.16212373971939087    2.220325231552124    0.10562386363744736    211.15371704101562    4.382697582244873    100.22373962402344    1.1036089658737183    0.055049099028110504    
0.558321475982666    0.7233182191848755    0.30179110169410706    0.49792414903640747    0.16222912073135376    2.2190542221069336    0.10561374574899673    211.1533203125    4.385265827178955    100.29541015625    1.103751301765442    0.05505790933966637    
0.5635308027267456    0.7288334965705872    0.2965703010559082    0.49790021777153015    0.1623283177614212    2.2189035415649414    0.1055636927485466    211.2102813720703    4.390427112579346    100.36786651611328    1.1036792993545532    0.055099036544561386    
0.5651873350143433    0.7305046319961548    0.2939499020576477    0.4978184998035431    0.162418931722641    2.2180631160736084    0.10554581880569458    211.24696350097656    4.39384651184082    100.44525909423828    1.1036481857299805    0.05512012913823128    
0.5627912878990173    0.7277648448944092    0.294703871011734    0.4977213740348816    0.16245467960834503    2.216991901397705    0.1055622473359108    211.2844696044922    4.394502639770508    100.51142120361328    1.1035925149917603    0.05511883646249771    
0.5581420063972473    0.7225391268730164    0.29713550209999084    0.497599720954895    0.1624574363231659    2.215733051300049    0.10560436546802521    211.3332977294922    4.393658638000488    100.5796890258789    1.1034598350524902    0.055105119943618774    
0.5604212284088135    0.7248172163963318    0.2933826744556427    0.49751320481300354    0.16249732673168182    2.21518874168396    0.10559981316328049    211.45297241210938    4.39575719833374    100.64128875732422    1.1031471490859985    0.055115070194005966    
0.5609897971153259    0.725368082523346    0.2920439541339874    0.4974731504917145    0.16250504553318024    2.214961290359497    0.10560381412506104    211.50582885742188    4.396358013153076    100.6661605834961    1.1029934883117676    0.05511710047721863    
0.5595082640647888    0.7235886454582214    0.29109466075897217    0.4973503351211548    0.1624886691570282    2.2141823768615723    0.10564177483320236    211.634521484375    4.396284103393555    100.73365020751953    1.102588415145874    0.05511053279042244    
0.5593558549880981    0.723105251789093    0.28790146112442017    0.49717363715171814    0.16246046125888824    2.2132997512817383    0.10569192469120026    211.8525848388672    4.396309852600098    100.81842041015625    1.1019341945648193    0.05510024353861809    
0.5578626990318298    0.721306324005127    0.28700631856918335    0.4970490336418152    0.1624215990304947    2.2126471996307373    0.10573696345090866    211.99517822265625    4.395567893981934    100.87635040283203    1.101501226425171    0.05508833006024361    
0.5567135810852051    0.7199703454971313    0.286664754152298    0.4969721734523773    0.16239438951015472    2.2122368812561035    0.10576647520065308    212.0788116455078    4.39498233795166    100.91072845458984    1.1012476682662964    0.05507993698120117    
0.5550498962402344    0.7179548740386963    0.28515827655792236    0.49680912494659424    0.16233907639980316    2.211421489715576    0.10582543909549713    212.2640838623047    4.3938469886779785    100.97685241699219    1.1007047891616821    0.05506141856312752    
0.5576572418212891    0.7202467918395996    0.2792319357395172    0.4966221749782562    0.16229712963104248    2.2108452320098877    0.10587270557880402    212.53665161132812    4.393372058868408    101.02789306640625    1.0999776124954224    0.05504097416996956    
0.5560752153396606    0.7185752987861633    0.2783454954624176    0.4965347945690155    0.1622675061225891    2.210292339324951    0.1058991551399231    212.63314819335938    4.392916202545166    101.06062316894531    1.0997228622436523    0.05503056198358536    
0.5530110597610474    0.715506911277771    0.2796763777732849    0.4964962601661682    0.16224455833435059    2.209786891937256    0.10591619461774826    212.64703369140625    4.392509937286377    101.0853042602539    1.0996830463409424    0.05502523109316826    
0.5491659045219421    0.7117025852203369    0.280306875705719    0.4964233934879303    0.16221073269844055    2.208968162536621    0.10593970865011215    212.6968994140625    4.3920674324035645    101.12052154541016    1.0995678901672363    0.055014897137880325    
0.5524170994758606    0.7148396968841553    0.27625420689582825    0.4963829517364502    0.1622208207845688    2.2091574668884277    0.10593400150537491    212.78773498535156    4.392322063446045    101.1082763671875    1.0993608236312866    0.05501168966293335    
0.5599425435066223    0.7221889495849609    0.26812395453453064    0.4963129460811615    0.16224223375320435    2.2096660137176514    0.10592448711395264    212.9657440185547    4.392889499664307    101.08182525634766    1.0989388227462769    0.05500536039471626    
0.5597646832466125    0.7220854759216309    0.26751086115837097    0.49630966782569885    0.16224604845046997    2.2095954418182373    0.10591840744018555    212.96774291992188    4.393016338348389    101.0767593383789    1.0989576578140259    0.05500487610697746    
0.5538816452026367    0.7165878415107727    0.26988065242767334    0.49634209275245667    0.16225065290927887    2.2088770866394043    0.10589341074228287    212.85345458984375    4.393239974975586    101.06856536865234    1.099350929260254    0.05500650033354759    
0.5504463315010071    0.7133447527885437    0.2718203365802765    0.49636074900627136    0.1622452437877655    2.2084391117095947    0.10588542371988297    212.7945098876953    4.3932719230651855    101.07185363769531    1.0995439291000366    0.055006492882966995    
0.5457733273506165    0.7090486288070679    0.27330708503723145    0.4963878393173218    0.16224724054336548    2.2077293395996094    0.10586289316415787    212.698974609375    4.3934855461120605    101.0648193359375    1.0998846292495728    0.05500568076968193    
0.5505677461624146    0.7136842608451843    0.26920121908187866    0.4963892996311188    0.1622956395149231    2.2084717750549316    0.10584162920713425    212.69580078125    4.393775463104248    101.0165786743164    1.0998997688293457    0.05500975251197815    
0.552272379398346    0.7153648734092712    0.26746058464050293    0.4963882565498352    0.16231322288513184    2.2086904048919678    0.10583274811506271    212.6959686279297    4.393910884857178    100.99842071533203    1.0999099016189575    0.055010586977005005    
0.5510098934173584    0.7142632603645325    0.26740559935569763    0.4964120388031006    0.16232578456401825    2.2085704803466797    0.10581492632627487    212.64549255371094    4.394134044647217    100.98175048828125    1.1000893115997314    0.055011894553899765    
0.5468823909759521    0.7104105949401855    0.2695936858654022    0.4964541792869568    0.1623227298259735    2.2081024646759033    0.10579735040664673    212.56350708007812    4.394314765930176    100.97834777832031    1.1003659963607788    0.05501276254653931    
0.5498451590538025    0.7133543491363525    0.26701605319976807    0.49647191166877747    0.16236251592636108    2.2086000442504883    0.10577624291181564    212.53408813476562    4.3946027755737305    100.93778228759766    1.1004598140716553    0.05501645803451538    
0.5523812770843506    0.7158852815628052    0.2644652724266052    0.4964734613895416    0.16239047050476074    2.208923101425171    0.1057625561952591    212.52725219726562    4.394821643829346    100.90947723388672    1.1004934310913086    0.055017899721860886    
0.5511406660079956    0.7147835493087769    0.26473578810691833    0.496504545211792    0.162401020526886    2.208847999572754    0.105745829641819    212.47760009765625    4.395051956176758    100.89451599121094    1.1006642580032349    0.055019743740558624    
0.5466689467430115    0.7106064558029175    0.2673358619213104    0.4965798854827881    0.1624058336019516    2.2084832191467285    0.10571682453155518    212.36473083496094    4.395420551300049    100.87968444824219    1.1010373830795288    0.055023133754730225    
0.5486912727355957    0.7126176357269287    0.2658097445964813    0.49658989906311035    0.1624280959367752    2.208810806274414    0.10570680350065231    212.35301208496094    4.395580291748047    100.85846710205078    1.1010695695877075    0.055025722831487656    
0.5540987849235535    0.71797114610672    0.26145100593566895    0.4965759515762329    0.1624673306941986    2.20945405960083    0.1056973934173584    212.37327575683594    4.395776271820068    100.82396697998047    1.1010031700134277    0.055027980357408524    
0.5565059185028076    0.7204940915107727    0.25905388593673706    0.4966006577014923    0.16249826550483704    2.209824562072754    0.10567793995141983    212.34483337402344    4.396077632904053    100.79136657714844    1.1010991334915161    0.05503127723932266    
0.5550947189331055    0.7191649675369263    0.2598206400871277    0.49663570523262024    0.1625022441148758    2.209775924682617    0.10566508024930954    212.3035430908203    4.396248817443848    100.78265380859375    1.1012367010116577    0.05503355339169502    
0.5481060147285461    0.7124242782592773    0.26425623893737793    0.4967549741268158    0.16249631345272064    2.209301471710205    0.10562758892774582    212.16075134277344    4.396711349487305    100.77032470703125    1.101712942123413    0.05503912642598152    
0.5457885265350342    0.710247814655304    0.265271931886673    0.49681028723716736    0.1624966561794281    2.2091846466064453    0.10560901463031769    212.0997772216797    4.396943092346191    100.76171875    1.1019171476364136    0.05504242703318596    
0.5532207489013672    0.7177268266677856    0.2595422863960266    0.4968278408050537    0.16254541277885437    2.2102479934692383    0.10559439659118652    212.10702514648438    4.397250175476074    100.72312927246094    1.1018601655960083    0.05505239591002464    
0.5543052554130554    0.7188892364501953    0.25851675868034363    0.49686843156814575    0.16255733370780945    2.210566997528076    0.10558117926120758    212.0794219970703    4.39732551574707    100.70693969726562    1.1019376516342163    0.055056970566511154    
0.5515560507774353    0.7161620259284973    0.2601563036441803    0.4969349503517151    0.16254808008670807    2.2105493545532227    0.1055656298995018    212.02720642089844    4.397250652313232    100.70086669921875    1.102105975151062    0.055060070008039474    
0.546179473400116    0.710791826248169    0.2637301981449127    0.49702316522598267    0.16252730786800385    2.2102866172790527    0.10554590076208115    211.9495849609375    4.397122859954834    100.69828796386719    1.1023632287979126    0.0550616979598999    
0.5478692054748535    0.7125150561332703    0.26242440938949585    0.4970569908618927    0.16253086924552917    2.2106826305389404    0.10554001480340958    211.94387817382812    4.397008419036865    100.6910171508789    1.1023615598678589    0.055066514760255814    
0.5492098927497864    0.7138514518737793    0.26124387979507446    0.49705037474632263    0.16252918541431427    2.2108397483825684    0.10554444044828415    211.96412658691406    4.396895408630371    100.69397735595703    1.102290391921997    0.05506749823689461    
0.548786461353302    0.7133923768997192    0.26114681363105774    0.49708089232444763    0.16251400113105774    2.210982084274292    0.10554368793964386    211.96572875976562    4.396595001220703    100.6991958618164    1.1022781133651733    0.05506960302591324    
0.547196626663208    0.7117695212364197    0.26221805810928345    0.49710553884506226    0.16250504553318024    2.2109196186065674    0.10553949326276779    211.9495391845703    4.396496295928955    100.70028686523438    1.1023322343826294    0.05506984144449234    
0.5483212471008301    0.712902843952179    0.26127949357032776    0.4971165955066681    0.16250239312648773    2.2111313343048096    0.10554025322198868    211.95896911621094    4.396356105804443    100.70111083984375    1.1022913455963135    0.055071987211704254    
0.5465611219406128    0.7110974788665771    0.26251569390296936    0.49715596437454224    0.16249148547649384    2.211125612258911    0.10553348064422607    211.93670654296875    4.396207809448242    100.70100402832031    1.1023615598678589    0.05507316067814827    
0.5544657111167908    0.7193229794502258    0.2570675015449524    0.4971533715724945    0.162520632147789    2.21199369430542    0.10553498566150665    211.96920776367188    4.3962507247924805    100.68693542480469    1.102210521697998    0.05508066341280937    
0.5557069182395935    0.7206093668937683    0.2562237083911896    0.49717557430267334    0.16251471638679504    2.212263584136963    0.10553508996963501    211.97879028320312    4.396042823791504    100.68861389160156    1.1021641492843628    0.055083394050598145    
0.5538525581359863    0.7186038494110107    0.25749433040618896    0.49720215797424316    0.1624952107667923    2.2122445106506348    0.10553505271673203    211.9803009033203    4.395773410797119    100.69707489013672    1.1021614074707031    0.0550839900970459    
0.5463395714759827    0.7105482816696167    0.26265770196914673    0.49727869033813477    0.16243165731430054    2.21193265914917    0.10553423315286636    211.97381591796875    4.39500617980957    100.7247314453125    1.1022002696990967    0.05508310720324516    
0.5473285913467407    0.7114483714103699    0.2618962526321411    0.4973125159740448    0.16238908469676971    2.21234130859375    0.1055479571223259    212.035400390625    4.39415168762207    100.75049591064453    1.1019816398620605    0.05508607625961304    
0.5519261360168457    0.7162004709243774    0.2584400773048401    0.49727892875671387    0.16237150132656097    2.2127532958984375    0.10557142645120621    212.1207733154297    4.3935651779174805    100.7713623046875    1.1016840934753418    0.055086590349674225    
0.5524455308914185    0.716681718826294    0.25790971517562866    0.4972873032093048    0.16234911978244781    2.2129225730895996    0.10558010637760162    212.15989685058594    4.393192291259766    100.78705596923828    1.1015533208847046    0.055087875574827194    
0.5504555702209473    0.7145207524299622    0.25921064615249634    0.4973106384277344    0.16233325004577637    2.212873935699463    0.10557811707258224    212.16065979003906    4.393095016479492    100.79435729980469    1.1015594005584717    0.055088914930820465    
0.5413979887962341    0.7048318982124329    0.2654649615287781    0.49742600321769714    0.16228492558002472    2.212564706802368    0.10555632412433624    212.1134796142578    4.393020153045654    100.80774688720703    1.1017450094223022    0.055092763155698776    
0.5431283116340637    0.7067166566848755    0.2643043100833893    0.4974832236766815    0.16227957606315613    2.2130208015441895    0.10554657131433487    212.1195068359375    4.3930134773254395    100.80520629882812    1.1017175912857056    0.0550997331738472    
0.5502226948738098    0.7144566178321838    0.2594134509563446    0.4975248873233795    0.16229011118412018    2.213874578475952    0.10554120689630508    212.15176391601562    4.39302921295166    100.79723358154297    1.1015852689743042    0.05510900169610977    
0.5511983036994934    0.7155506014823914    0.2587844729423523    0.4975556433200836    0.16228951513767242    2.2141058444976807    0.10553492605686188    212.150390625    4.39305305480957    100.79377746582031    1.1015849113464355    0.05511246994137764    
0.5490843057632446    0.7132692933082581    0.2604009807109833    0.4976339638233185    0.16228017210960388    2.2142937183380127    0.10551624745130539    212.12136840820312    4.3931355476379395    100.787109375    1.101684808731079    0.05511824041604996    
0.5446935296058655    0.7084999084472656    0.26372960209846497    0.4977273941040039    0.16226992011070251    2.2143402099609375    0.10549161583185196    212.06732177734375    4.393275737762451    100.77702331542969    1.1018695831298828    0.055123526602983475    
0.5488662123680115    0.7131806015968323    0.2610563635826111    0.4977952241897583    0.16227026283740997    2.2149956226348877    0.10547920316457748    212.0745086669922    4.393219947814941    100.76737213134766    1.1018282175064087    0.055131275206804276    
0.5485788583755493    0.7128798365592957    0.26141542196273804    0.49782830476760864    0.16226838529109955    2.2151217460632324    0.10547158867120743    212.06182861328125    4.393215179443359    100.76285552978516    1.1018660068511963    0.05513365939259529    
0.5443989634513855    0.7082787156105042    0.26499634981155396    0.4979487657546997    0.16225917637348175    2.215325355529785    0.10544184595346451    211.99337768554688    4.393223762512207    100.74626159667969    1.1020821332931519    0.055140383541584015    
0.546176016330719    0.7102916240692139    0.2638988792896271    0.49796921014785767    0.16225995123386383    2.2155520915985107    0.10543840378522873    211.99618530273438    4.39316987991333    100.7425308227539    1.1020638942718506    0.05514257773756981    
0.5540693998336792    0.7193073630332947    0.2585012912750244    0.4979819655418396    0.16226938366889954    2.216175079345703    0.10543882101774216    212.02980041503906    4.393078327178955    100.73584747314453    1.1019271612167358    0.05514642223715782    
0.559737503528595    0.7258104681968689    0.2547207772731781    0.49798765778541565    0.16226202249526978    2.2166426181793213    0.10544592142105103    212.0759735107422    4.392732620239258    100.73981475830078    1.1017524003982544    0.05514797568321228    
0.5593243837356567    0.7252185344696045    0.2550816535949707    0.4979768991470337    0.16224434971809387    2.2166409492492676    0.10545597225427628    212.10760498046875    4.392374038696289    100.75218963623047    1.1016490459442139    0.05514656379818916    
0.5534734129905701    0.7178763747215271    0.25943246483802795    0.49791884422302246    0.16216148436069489    2.216322660446167    0.10550165176391602    212.2347869873047    4.390809535980225    100.8110580444336    1.10124933719635    0.0551382377743721    
0.548012912273407    0.7111910581588745    0.2634306848049164    0.4978853166103363    0.1621062457561493    2.2160208225250244    0.10552985966205597    212.30714416503906    4.38980770111084    100.8489761352539    1.1010262966156006    0.05513221025466919    
0.544708251953125    0.7070325613021851    0.26550233364105225    0.4978066086769104    0.16205835342407227    2.215660333633423    0.10556667298078537    212.40536499023438    4.388979434967041    100.89139556884766    1.1007280349731445    0.05512441322207451    
0.5474464297294617    0.7099748253822327    0.26324960589408875    0.49771642684936523    0.16203512251377106    2.215590238571167    0.10559936612844467    212.5087127685547    4.388553619384766    100.92281341552734    1.1004027128219604    0.055119723081588745    
0.5496829152107239    0.7124350666999817    0.2613491714000702    0.4976471960544586    0.1620224118232727    2.2155208587646484    0.10562247037887573    212.579833984375    4.388323783874512    100.94398498535156    1.1001806259155273    0.05511615797877312    
0.5514601469039917    0.7142849564552307    0.2594945728778839    0.49753817915916443    0.16200317442417145    2.215306520462036    0.10565562546253204    212.68618774414062    4.3881635665893555    100.97683715820312    1.0998626947402954    0.05511118844151497    
0.5503050684928894    0.7129400372505188    0.260184109210968    0.49753591418266296    0.1620069146156311    2.2152211666107178    0.10565202683210373    212.68028259277344    4.388401031494141    100.9748764038086    1.0998952388763428    0.05511188507080078    
0.5447325110435486    0.706574022769928    0.2639967203140259    0.49758774042129517    0.16202960908412933    2.215001344680786    0.105620838701725    212.59957885742188    4.389360427856445    100.9507064819336    1.100190281867981    0.05511697009205818    
0.5456253886222839    0.7076966166496277    0.26317331194877625    0.4975913465023041    0.1620522141456604    2.215027332305908    0.10560792684555054    212.57583618164062    4.38994026184082    100.93444061279297    1.1002821922302246    0.05511965975165367    
0.5556696653366089    0.7195596694946289    0.25576335191726685    0.4975256025791168    0.1620795577764511    2.215376377105713    0.10561762005090714    212.627685546875    4.390176773071289    100.9259033203125    1.1001075506210327    0.05511954426765442    
0.5565212965011597    0.7206750512123108    0.255106657743454    0.49754276871681213    0.16210003197193146    2.2154455184936523    0.10560361295938492    212.59454345703125    4.39060640335083    100.9082260131836    1.1002188920974731    0.055122096091508865    
0.5538511872291565    0.7178524136543274    0.25692230463027954    0.4976484477519989    0.162164106965065    2.2155113220214844    0.10554312914609909    212.43670654296875    4.392180919647217    100.84521484375    1.1007533073425293    0.05513262748718262    
0.5473992228507996    0.7107412815093994    0.2614724040031433    0.4978334903717041    0.162260964512825    2.2155447006225586    0.10544376820325851    212.17166137695312    4.394674301147461    100.7461929321289    1.101649284362793    0.05514954403042793    
0.5460415482521057    0.7093144655227661    0.2621118128299713    0.4978681206703186    0.16229982674121857    2.215486764907837    0.10541369765996933    212.09312438964844    4.395668029785156    100.71285247802734    1.101927638053894    0.05515417084097862    
0.5503634214401245    0.7146490812301636    0.25869521498680115    0.4978749752044678    0.16234134137630463    2.2156779766082764    0.10539430379867554    212.0532989501953    4.396484851837158    100.6838607788086    1.102062702178955    0.05515887960791588    
0.5510583519935608    0.715522825717926    0.25799357891082764    0.4978744387626648    0.16235412657260895    2.215684652328491    0.10538838058710098    212.0355987548828    4.396676540374756    100.67291259765625    1.1021236181259155    0.055159252136945724    
0.5494379997253418    0.7134916186332703    0.2590772211551666    0.49786198139190674    0.16234146058559418    2.2155673503875732    0.1053963303565979    212.0477752685547    4.3963470458984375    100.68074798583984    1.1020855903625488    0.05515630915760994    
0.5417851209640503    0.7039335370063782    0.26453065872192383    0.49781742691993713    0.16227321326732635    2.2150793075561523    0.10543522983789444    212.10960388183594    4.3946356773376465    100.72276306152344    1.101879358291626    0.05514270067214966    
0.5438010692596436    0.7062721848487854    0.2631361484527588    0.49781933426856995    0.16226345300674438    2.215230703353882    0.10544281452894211    212.12013244628906    4.394029140472412    100.72442626953125    1.101820468902588    0.055140722543001175    
0.5470467805862427    0.7101933360099792    0.26082226634025574    0.49782422184944153    0.1622687727212906    2.21543025970459    0.10544254630804062    212.11927795410156    4.39385986328125    100.71797180175781    1.1018048524856567    0.055141277611255646    
0.5584271550178528    0.7241260409355164    0.25240883231163025    0.49779853224754333    0.16229793429374695    2.2159206867218018    0.10544462502002716    212.1277618408203    4.393735885620117    100.69596862792969    1.1017355918884277    0.055141519755125046    
0.5596027374267578    0.7254855632781982    0.2515060305595398    0.4977785646915436    0.16228294372558594    2.2159507274627686    0.1054578423500061    212.15838623046875    4.393286228179932    100.70843505859375    1.101622462272644    0.05513942986726761    
0.5577899813652039    0.7227346897125244    0.252640962600708    0.49769774079322815    0.16218815743923187    2.2157833576202393    0.10552225261926651    212.30841064453125    4.391117095947266    100.78622436523438    1.1011000871658325    0.05512911081314087    
0.5543268322944641    0.7180902361869812    0.25504469871520996    0.4976515769958496    0.1621173769235611    2.2155895233154297    0.10556528717279434    212.40603637695312    4.389584541320801    100.84236145019531    1.1007682085037231    0.055121541023254395    
0.5507468581199646    0.713438093662262    0.25755512714385986    0.4976232945919037    0.1620713621377945    2.2153944969177246    0.10559210926294327    212.46336364746094    4.388608932495117    100.87801361083984    1.1005812883377075    0.05511575937271118    
0.5411064624786377    0.7011298537254333    0.2644693851470947    0.49757352471351624    0.16196928918361664    2.214905261993408    0.10564763844013214    212.57240295410156    4.386445045471191    100.95340728759766    1.100230097770691    0.05510179325938225    
