0.4958585798740387    1.001063585281372    0.5115640163421631    0.4974422752857208    0.15938687324523926    2.2740139961242676    0.10106386989355087    223.39405822753906    4.123963356018066    104.67243194580078    1.002187728881836    0.05140678212046623    
0.7010703086853027    0.9791432619094849    0.5514699816703796    0.49819278717041016    0.16532418131828308    2.2989771366119385    0.09762679040431976    217.01158142089844    4.255438327789307    98.79251861572266    1.014132022857666    0.0503280870616436    
0.6124029159545898    0.9658223986625671    0.6266331672668457    0.49872374534606934    0.1633201688528061    2.3280646800994873    0.0989799052476883    216.23609924316406    4.3885393142700195    100.13871765136719    1.0184184312820435    0.051330771297216415    
0.6066985726356506    0.9581385850906372    0.6698646545410156    0.4970787763595581    0.16392657160758972    2.335801601409912    0.09970646351575851    216.20521545410156    4.440688133239746    100.4304428100586    1.029166579246521    0.051727425307035446    
0.6871020197868347    0.9606157541275024    0.7027196884155273    0.499136745929718    0.1656043827533722    2.3458986282348633    0.09991016238927841    215.37661743164062    4.481234550476074    98.93706512451172    1.051142930984497    0.05136625096201897    
0.7279427647590637    0.9646362662315369    0.7078644037246704    0.5014430284500122    0.16659832000732422    2.3528738021850586    0.09963393211364746    215.3695526123047    4.47985315322876    98.19599151611328    1.0584205389022827    0.05089173465967178    
0.7642374038696289    0.9677113890647888    0.7190691828727722    0.5031697750091553    0.16782960295677185    2.3624274730682373    0.09945005178451538    214.75074768066406    4.466993808746338    97.20870971679688    1.0644463300704956    0.050237685441970825    
0.7289129495620728    0.9586344957351685    0.7532582879066467    0.5034886598587036    0.16730950772762299    2.35097336769104    0.10025984048843384    208.93115234375    4.490038871765137    96.89570617675781    1.076821208000183    0.05057387426495552    
0.6966237425804138    0.9530349373817444    0.7688574194908142    0.5039111375808716    0.16675834357738495    2.335693836212158    0.10075122117996216    205.87049865722656    4.510034561157227    97.0543441772461    1.082525372505188    0.05093282461166382    
0.6938675045967102    0.9491095542907715    0.7779234051704407    0.5024493336677551    0.16668543219566345    2.3383114337921143    0.10093803703784943    205.78982543945312    4.516480445861816    97.13396453857422    1.084822654724121    0.05101802572607994    
0.7115569710731506    0.9464039206504822    0.7838403582572937    0.49992334842681885    0.16691188514232635    2.35227632522583    0.10073502361774445    207.12567138671875    4.515279769897461    97.23826599121094    1.085129737854004    0.05082830786705017    
0.7343747019767761    0.9450340270996094    0.7863300442695618    0.4979298412799835    0.16732420027256012    2.3659934997558594    0.10023021697998047    208.4066162109375    4.509555816650391    97.2903060913086    1.0840622186660767    0.05044901371002197    
0.7523598074913025    0.944438099861145    0.7859715819358826    0.4969288408756256    0.16777214407920837    2.375087022781372    0.09974061697721481    209.0095977783203    4.504044532775879    97.239013671875    1.0833442211151123    0.05006394907832146    
0.760358989238739    0.9450777173042297    0.7849037051200867    0.49668028950691223    0.1680544763803482    2.378493547439575    0.09952795505523682    209.1435089111328    4.50212287902832    97.1545639038086    1.0831410884857178    0.049859702587127686    
0.7718328237533569    0.9455736875534058    0.7831385135650635    0.49641305208206177    0.16853389143943787    2.383305072784424    0.09922506660223007    209.27120971679688    4.50016975402832    96.98600006103516    1.0831949710845947    0.04955421760678291    
0.7674396634101868    0.9333252906799316    0.7876492738723755    0.4958656132221222    0.16802509129047394    2.3846898078918457    0.09917957335710526    209.28192138671875    4.498455047607422    97.3183822631836    1.0855845212936401    0.049757882952690125    
0.7562686800956726    0.9206010699272156    0.792935848236084    0.49510911107063293    0.16719286143779755    2.383084297180176    0.09922439604997635    209.3165740966797    4.496669769287109    97.8011703491211    1.0878902673721313    0.05015380308032036    
0.7520102262496948    0.9154691696166992    0.7948703169822693    0.4947989583015442    0.16688941419124603    2.382608652114868    0.09924572706222534    209.3122100830078    4.496262550354004    97.97877502441406    1.0886155366897583    0.05030539259314537    
0.742024838924408    0.9028005599975586    0.798011839389801    0.49392321705818176    0.16622045636177063    2.3814947605133057    0.09929179400205612    209.2276611328125    4.495906352996826    98.38945770263672    1.09014892578125    0.05064315348863602    
0.739881694316864    0.8991791009902954    0.7984074950218201    0.4936518371105194    0.16606542468070984    2.3814117908477783    0.09932165592908859    209.1641845703125    4.495718002319336    98.47489166259766    1.0904004573822021    0.050721652805805206    
0.737492561340332    0.8897572159767151    0.7976242899894714    0.4928595721721649    0.1657702773809433    2.3820221424102783    0.09947078675031662    208.83705139160156    4.494260787963867    98.57484436035156    1.0905637741088867    0.050851982086896896    
0.7380377650260925    0.8871186375617981    0.7968538999557495    0.4926184117794037    0.16572144627571106    2.382453680038452    0.09954219311475754    208.689453125    4.493637561798096    98.55888366699219    1.0904322862625122    0.05086250975728035    
0.7420631647109985    0.8831673860549927    0.7946779727935791    0.49229446053504944    0.16574198007583618    2.383931875228882    0.09972303360700607    208.3355712890625    4.492613792419434    98.42390441894531    1.0897061824798584    0.050806622952222824    
0.7457850575447083    0.8765908479690552    0.7903202772140503    0.49155130982398987    0.16566160321235657    2.38448166847229    0.09995829313993454    207.79737854003906    4.4913010597229    98.29257202148438    1.0894559621810913    0.050756555050611496    
0.7465146780014038    0.871491014957428    0.7868807315826416    0.4908721148967743    0.16553282737731934    2.3836123943328857    0.10008250921964645    207.43795776367188    4.490067958831787    98.25837707519531    1.0899158716201782    0.05075765773653984    
0.7472023963928223    0.8666185736656189    0.7829872369766235    0.4901711642742157    0.16540087759494781    2.382138252258301    0.10018988698720932    207.060791015625    4.488746166229248    98.22029876708984    1.0905952453613281    0.050748277455568314    
0.7485236525535583    0.8653008341789246    0.780855119228363    0.4899047017097473    0.16537825763225555    2.3814728260040283    0.10024310648441315    206.85670471191406    4.488820552825928    98.16083526611328    1.0908617973327637    0.05070730671286583    
0.750028669834137    0.8590304255485535    0.7743662595748901    0.4889543354511261    0.16522149741649628    2.378166437149048    0.10035109519958496    206.28038024902344    4.486835956573486    98.07079315185547    1.0920641422271729    0.05064680799841881    
0.7501242756843567    0.8566587567329407    0.772094190120697    0.48861175775527954    0.16515426337718964    2.376706600189209    0.10037251561880112    206.09527587890625    4.4857988357543945    98.05091857910156    1.092559576034546    0.050634171813726425    
0.751304566860199    0.853330135345459    0.7673354744911194    0.48803216218948364    0.1650708019733429    2.373913526535034    0.10040932148694992    205.73289489746094    4.48469877243042    97.96105194091797    1.0933918952941895    0.05056675150990486    
0.7508559823036194    0.8482475280761719    0.7624403238296509    0.4874127209186554    0.1649099439382553    2.3708534240722656    0.1004219576716423    205.45559692382812    4.482400894165039    97.94666290283203    1.0941189527511597    0.05054285749793053    
0.7440147399902344    0.8335550427436829    0.7546229958534241    0.4864102602005005    0.16440299153327942    2.3670854568481445    0.1003980040550232    205.45068359375    4.475879192352295    98.28736877441406    1.0943487882614136    0.050687383860349655    
0.7366559505462646    0.8212680816650391    0.7483144402503967    0.48589882254600525    0.16402898728847504    2.365746021270752    0.1003955528140068    205.81082153320312    4.471909523010254    98.7087631225586    1.0935144424438477    0.05085926130414009    
0.7344974279403687    0.8168493509292603    0.7451810240745544    0.48572230339050293    0.1639023721218109    2.3646998405456543    0.10039347410202026    205.9419708251953    4.471329689025879    98.81352233886719    1.0930135250091553    0.05089797452092171    
0.7285240292549133    0.8050561547279358    0.7339739799499512    0.48556289076805115    0.16364094614982605    2.360344171524048    0.10047747939825058    206.570068359375    4.471863746643066    99.10081481933594    1.0903825759887695    0.05101617053151131    
0.7271376252174377    0.8015943765640259    0.7298478484153748    0.48557937145233154    0.16359853744506836    2.358222246170044    0.10052881389856339    206.8043670654297    4.473334312438965    99.14229583740234    1.0892277956008911    0.05104295164346695    
0.7272295951843262    0.7966867685317993    0.7217146754264832    0.4856000542640686    0.1636289358139038    2.3524911403656006    0.10064245760440826    207.12896728515625    4.479926109313965    98.98528289794922    1.0869616270065308    0.051010098308324814    
0.7267336249351501    0.7917867302894592    0.7122600674629211    0.48580795526504517    0.16379447281360626    2.34635329246521    0.10087630897760391    207.65089416503906    4.488337516784668    98.82626342773438    1.0844395160675049    0.05101168155670166    
0.7248038053512573    0.7868777513504028    0.7017374038696289    0.48618462681770325    0.16406190395355225    2.340548515319824    0.10121370851993561    208.34817504882812    4.496432304382324    98.73147583007812    1.0821328163146973    0.05108087137341499    
0.7209349870681763    0.7820823788642883    0.6903741359710693    0.4866938292980194    0.16435930132865906    2.3356428146362305    0.10161931812763214    209.12818908691406    4.50222635269165    98.72411346435547    1.0803903341293335    0.05123097449541092    
0.7050467133522034    0.7734890580177307    0.6700328588485718    0.48790743947029114    0.16448765993118286    2.3336269855499268    0.1024509072303772    210.49705505371094    4.497939109802246    99.0545883178711    1.0787410736083984    0.051674555987119675    
0.699759304523468    0.7708892822265625    0.6632978916168213    0.4883273243904114    0.1645064651966095    2.3329806327819824    0.10268852859735489    210.84600830078125    4.49588680267334    99.13313293457031    1.0784474611282349    0.051804687827825546    
0.6943719387054443    0.7673339247703552    0.6508969068527222    0.4889962375164032    0.16472899913787842    2.3292579650878906    0.10301851481199265    211.15797424316406    4.497878074645996    99.05574035644531    1.0782837867736816    0.0519556999206543    
0.6901868581771851    0.7646318078041077    0.6368955969810486    0.4896546006202698    0.16510295867919922    2.326341390609741    0.10336010903120041    211.23487854003906    4.5026679039001465    98.93071746826172    1.078269362449646    0.052087027579545975    
0.6863038539886475    0.7624069452285767    0.6213464140892029    0.4898585379123688    0.16560646891593933    2.324730396270752    0.10377904027700424    210.9656982421875    4.5079450607299805    98.85433959960938    1.0782721042633057    0.05227992683649063    
0.6718827486038208    0.7573972940444946    0.5930303335189819    0.4885568916797638    0.16568247973918915    2.3257625102996826    0.10456180572509766    209.63475036621094    4.497111797332764    99.1351318359375    1.07815420627594    0.05303538963198662    
0.6601155996322632    0.752863883972168    0.5721462368965149    0.4877738654613495    0.16529880464076996    2.32558012008667    0.10500013083219528    208.4120635986328    4.481225967407227    99.39891052246094    1.0788978338241577    0.05367359519004822    
0.6535475254058838    0.7488255500793457    0.552009105682373    0.4877675175666809    0.16514529287815094    2.3237416744232178    0.10537078231573105    207.4371337890625    4.470634937286377    99.54959869384766    1.080435037612915    0.05412350222468376    
0.6509687900543213    0.7458862066268921    0.5318906307220459    0.48848065733909607    0.16505135595798492    2.3218865394592285    0.10568030923604965    206.8342742919922    4.464995861053467    99.68537902832031    1.0824229717254639    0.054399289190769196    
0.6478316187858582    0.7445412874221802    0.5110432505607605    0.48935890197753906    0.1645062416791916    2.3211281299591064    0.10581463575363159    206.6063690185547    4.457651615142822    99.9407730102539    1.084624171257019    0.054594285786151886    
0.6388663053512573    0.7455165982246399    0.49050357937812805    0.4892003536224365    0.16311082243919373    2.321265697479248    0.10567130148410797    206.80677795410156    4.437717914581299    100.3582992553711    1.0869160890579224    0.05483036860823631    
0.6363873481750488    0.7459441423416138    0.4817947745323181    0.48945581912994385    0.1626029908657074    2.3202521800994873    0.10563617199659348    206.8517608642578    4.432064056396484    100.52767181396484    1.087660789489746    0.05489366129040718    
0.6130795478820801    0.7523666024208069    0.45727095007896423    0.487210214138031    0.15997786819934845    2.3175981044769287    0.10513601452112198    207.99351501464844    4.384169101715088    101.25647735595703    1.090354323387146    0.05516960844397545    
0.6038517951965332    0.7551433444023132    0.45012882351875305    0.4862745702266693    0.1590372771024704    2.316041946411133    0.1049547791481018    208.46829223632812    4.3665666580200195    101.49380493164062    1.0913397073745728    0.05526233837008476    
0.6100906729698181    0.7593636512756348    0.4326658248901367    0.49102649092674255    0.15874889492988586    2.297667980194092    0.10531337559223175    208.26724243164062    4.37910795211792    101.93622589111328    1.093443512916565    0.05533073469996452    
0.6144585013389587    0.7629263997077942    0.42034152150154114    0.4941219687461853    0.15878961980342865    2.290276288986206    0.10557509958744049    208.21527099609375    4.392219543457031    102.13986206054688    1.0948529243469238    0.05529659613966942    
0.6160765886306763    0.7644029259681702    0.41522252559661865    0.4950087368488312    0.15885326266288757    2.2888166904449463    0.10570187866687775    208.2720489501953    4.396408557891846    102.19403076171875    1.0952967405319214    0.055283427238464355    
0.6143934726715088    0.7654995322227478    0.4098603129386902    0.4954298436641693    0.15863603353500366    2.288224458694458    0.1059243232011795    208.348388671875    4.400683879852295    102.2057113647461    1.0964983701705933    0.05529725179076195    
0.5873134136199951    0.7644848227500916    0.40583536028862    0.49278002977371216    0.15684232115745544    2.291102170944214    0.10584091395139694    208.3175811767578    4.390417098999023    102.16522979736328    1.1024271249771118    0.05526226758956909    
0.5844271183013916    0.7643621563911438    0.40377533435821533    0.4928321838378906    0.15671709179878235    2.2910079956054688    0.10604094713926315    208.3513946533203    4.391561985015869    102.01876831054688    1.103926181793213    0.05526558682322502    
0.5915700793266296    0.7655583024024963    0.4037688374519348    0.4937005341053009    0.15706811845302582    2.291167974472046    0.10631261020898819    208.48275756835938    4.397140979766846    101.88865661621094    1.1027789115905762    0.05529752001166344    
0.6044133305549622    0.7679041028022766    0.3984997272491455    0.49568647146224976    0.1577518731355667    2.2891781330108643    0.10680699348449707    209.0911865234375    4.405942916870117    101.66596984863281    1.0993775129318237    0.055419791489839554    
0.6017640233039856    0.7665179371833801    0.39551228284835815    0.49616920948028564    0.15792958438396454    2.286294937133789    0.10685952007770538    209.4190216064453    4.405966281890869    101.52345275878906    1.0998990535736084    0.055501844733953476    
0.595683217048645    0.764285147190094    0.3931448757648468    0.4964202046394348    0.1580497920513153    2.2820613384246826    0.10678809136152267    209.65206909179688    4.405948638916016    101.35873413085938    1.101618766784668    0.05557670071721077    
0.5940622687339783    0.7640380263328552    0.39125677943229675    0.496561735868454    0.1581089347600937    2.2799198627471924    0.1067412868142128    209.7808837890625    4.406423568725586    101.30387115478516    1.1020598411560059    0.055615466088056564    
0.5910438299179077    0.7646586894989014    0.3831717073917389    0.49684879183769226    0.15823864936828613    2.2727842330932617    0.10652156919240952    210.10470581054688    4.406460762023926    101.19546508789062    1.10333251953125    0.05568162351846695    
0.590835452079773    0.7653125524520874    0.3797936737537384    0.4968935251235962    0.1582673192024231    2.270554780960083    0.10642528533935547    210.22329711914062    4.405224323272705    101.18964385986328    1.103704571723938    0.05568832904100418    
0.5915960669517517    0.7668439745903015    0.3728965222835541    0.49706345796585083    0.15834613144397736    2.266627550125122    0.1062508225440979    210.5032958984375    4.400669097900391    101.22006225585938    1.1040922403335571    0.055696286261081696    
0.5829419493675232    0.7604309320449829    0.36707791686058044    0.49847525358200073    0.1588437855243683    2.2562265396118164    0.10632657259702682    210.4238739013672    4.386679649353027    101.1143569946289    1.1051820516586304    0.05566633492708206    
0.5774213075637817    0.7557064890861511    0.3618207275867462    0.4998292326927185    0.1593381017446518    2.247800350189209    0.10646302998065948    210.45025634765625    4.373383045196533    101.0477294921875    1.1053459644317627    0.05568981170654297    
0.577925980091095    0.7557766437530518    0.3582061529159546    0.5001833438873291    0.15946726500988007    2.245523452758789    0.10640013217926025    210.69032287597656    4.367988109588623    101.0923080444336    1.1053823232650757    0.055704761296510696    
0.5795462727546692    0.7576156258583069    0.34701427817344666    0.5003253817558289    0.1596144288778305    2.240178108215332    0.10614985227584839    211.39552307128906    4.35708475112915    101.21797180175781    1.105634093284607    0.05566707253456116    
0.5765052437782288    0.7567541599273682    0.33982518315315247    0.5003688335418701    0.15972082316875458    2.2348103523254395    0.10619749128818512    211.5166778564453    4.352044582366943    101.09663391113281    1.1052286624908447    0.05558648705482483    
0.5723288059234619    0.7558097243309021    0.33203285932540894    0.5004726052284241    0.15987242758274078    2.229062080383301    0.10634195059537888    211.5919952392578    4.34937858581543    100.82127380371094    1.1042858362197876    0.055484022945165634    
0.5719847083091736    0.756219208240509    0.3282391428947449    0.5004324316978455    0.1599213033914566    2.227851629257202    0.10633349418640137    211.74884033203125    4.348856449127197    100.73595428466797    1.104203224182129    0.055429041385650635    
0.5633983612060547    0.7546772956848145    0.31860098242759705    0.49988487362861633    0.16034379601478577    2.2197299003601074    0.10651995986700058    211.46507263183594    4.349056243896484    100.44789123535156    1.1029802560806274    0.055359285324811935    
0.560353696346283    0.7539896368980408    0.3157850205898285    0.49964439868927    0.16052116453647614    2.2172811031341553    0.10656920820474625    211.31407165527344    4.349456787109375    100.39019012451172    1.1027082204818726    0.05535154417157173    
0.5680505037307739    0.7578446865081787    0.30741629004478455    0.49986532330513    0.16064898669719696    2.2254257202148438    0.10634257644414902    212.44781494140625    4.354663848876953    100.04051971435547    1.1048061847686768    0.05511419102549553    
0.5686162710189819    0.758047342300415    0.303003191947937    0.4997480511665344    0.16083142161369324    2.2260327339172363    0.10624569654464722    212.72804260253906    4.359142303466797    100.04621887207031    1.1052966117858887    0.05509037896990776    
0.5597533583641052    0.7519065737724304    0.30279991030693054    0.4995381236076355    0.1610654592514038    2.2210538387298584    0.10613900423049927    211.8173828125    4.361521244049072    100.34252166748047    1.104115605354309    0.05526087433099747    
0.5569464564323425    0.7488357424736023    0.3027087152004242    0.4991932511329651    0.16111813485622406    2.2195608615875244    0.10609960556030273    211.56710815429688    4.364006042480469    100.47341918945312    1.1040596961975098    0.05527559667825699    
0.5637614727020264    0.7510672807693481    0.30005425214767456    0.49861234426498413    0.1610516905784607    2.2223758697509766    0.10609598457813263    212.31735229492188    4.368589401245117    100.39067077636719    1.1055963039398193    0.05512714013457298    
0.566005527973175    0.7510169744491577    0.2978612780570984    0.49812546372413635    0.16116368770599365    2.2217652797698975    0.1060747504234314    212.52056884765625    4.373599052429199    100.43606567382812    1.1064153909683228    0.05507862567901611    
0.5603479146957397    0.7464702725410461    0.29929497838020325    0.4977635443210602    0.16137534379959106    2.2174060344696045    0.10602729767560959    211.85337829589844    4.377567768096924    100.65608215332031    1.1064790487289429    0.05510307475924492    
0.5571149587631226    0.7440654039382935    0.30031105875968933    0.4976215660572052    0.16147007048130035    2.2151594161987305    0.1060059666633606    211.49143981933594    4.379066467285156    100.76469421386719    1.1064295768737793    0.05511714890599251    
0.5630109310150146    0.7454202771186829    0.2965497076511383    0.49714958667755127    0.1615624576807022    2.215010643005371    0.10597530752420425    211.81944274902344    4.381731033325195    100.73888397216797    1.107470989227295    0.05506318807601929    
0.5677244663238525    0.7476468682289124    0.2934868335723877    0.49698206782341003    0.16158562898635864    2.21623158454895    0.10599223524332047    212.2207489013672    4.383212089538574    100.67105865478516    1.1077451705932617    0.05504395440220833    
0.5734843611717224    0.7501269578933716    0.2895239293575287    0.4967572093009949    0.16161885857582092    2.2177274227142334    0.10600755363702774    212.71461486816406    4.385014057159424    100.58283996582031    1.1080706119537354    0.05502023920416832    
0.5716142058372498    0.7474430203437805    0.29037806391716003    0.4966428577899933    0.16171184182167053    2.2161550521850586    0.10595986992120743    212.43675231933594    4.385085582733154    100.64136505126953    1.1083269119262695    0.05501534417271614    
0.5545457601547241    0.7344189286231995    0.3001177906990051    0.49641093611717224    0.16195958852767944    2.206674575805664    0.10581648349761963    210.7576141357422    4.384885311126709    101.01200103759766    1.108649730682373    0.055032920092344284    
0.5472338795661926    0.7294282913208008    0.3042389452457428    0.49626561999320984    0.16198725998401642    2.2029457092285156    0.10578548908233643    210.1963348388672    4.384183883666992    101.1530990600586    1.1087859869003296    0.055034883320331573    
0.5405462980270386    0.7239264845848083    0.3085288107395172    0.49604329466819763    0.1619807332754135    2.1994223594665527    0.10579915344715118    209.71339416503906    4.381021976470947    101.26787567138672    1.1088043451309204    0.055015262216329575    
0.5434539914131165    0.7237233519554138    0.307878315448761    0.49586138129234314    0.1620057076215744    2.1989426612854004    0.10588635504245758    209.67604064941406    4.376646995544434    101.21827697753906    1.1083317995071411    0.054965414106845856    
0.5535179376602173    0.7277798652648926    0.3029448986053467    0.49561557173728943    0.16207580268383026    2.200819492340088    0.10602565109729767    209.96315002441406    4.370381832122803    101.06689453125    1.1070562601089478    0.05490420386195183    
0.567867636680603    0.7348606586456299    0.2944639027118683    0.4952455759048462    0.16219154000282288    2.204263210296631    0.10620032995939255    210.5275421142578    4.362706661224365    100.90225219726562    1.1050076484680176    0.05485573038458824    
0.5788888335227966    0.7410222291946411    0.2874903380870819    0.4950296878814697    0.16225335001945496    2.2069926261901855    0.1063159927725792    210.97293090820312    4.35711669921875    100.77769470214844    1.103473424911499    0.05482142046093941    
0.5823968648910522    0.7428386807441711    0.28570032119750977    0.49514442682266235    0.1621953547000885    2.2092363834381104    0.10634398460388184    211.2008514404297    4.354471206665039    100.66081237792969    1.1026594638824463    0.05480250343680382    
0.5737484693527222    0.7352085709571838    0.2936347424983978    0.4960581362247467    0.16184425354003906    2.2145256996154785    0.10626202821731567    211.41250610351562    4.35269832611084    100.39289093017578    1.101804256439209    0.05480063706636429    
0.569156289100647    0.7314288020133972    0.29768645763397217    0.49648991227149963    0.16169118881225586    2.2167344093322754    0.10621096193790436    211.4644775390625    4.352367877960205    100.28742218017578    1.1015874147415161    0.05480668693780899    
0.5607014298439026    0.724311888217926    0.30500590801239014    0.49720335006713867    0.16144776344299316    2.2201335430145264    0.10612691938877106    211.53237915039062    4.3517584800720215    100.12549591064453    1.1013034582138062    0.054815877228975296    
0.5557595491409302    0.7204383015632629    0.3093545734882355    0.49775463342666626    0.16132204234600067    2.2227282524108887    0.10602976381778717    211.53919982910156    4.353211402893066    100.01216125488281    1.1013063192367554    0.05484067276120186    
0.5581456422805786    0.7237281799316406    0.3078934848308563    0.498182475566864    0.16134700179100037    2.225338935852051    0.10587620735168457    211.48289489746094    4.358931541442871    99.92521667480469    1.1016614437103271    0.05490607023239136    
0.5671447515487671    0.7337998747825623    0.3000212013721466    0.49848848581314087    0.16158729791641235    2.227193832397461    0.10565453767776489    211.3695068359375    4.372612476348877    99.9415512084961    1.1022858619689941    0.055034782737493515    
0.5691707134246826    0.7359069585800171    0.29713886976242065    0.4984429180622101    0.161770761013031    2.226209878921509    0.10559431463479996    211.3184814453125    4.379189968109131    100.02993774414062    1.1025867462158203    0.055079858750104904    
0.5668290257453918    0.7331821322441101    0.2978024482727051    0.498313307762146    0.16192421317100525    2.22426438331604    0.10558396577835083    211.26084899902344    4.382164478302002    100.11156463623047    1.1029621362686157    0.05508481338620186    
0.5612249374389648    0.7268169522285461    0.30107244849205017    0.49811461567878723    0.16206838190555573    2.2215287685394287    0.10560905933380127    211.18255615234375    4.382757663726807    100.1904525756836    1.1034259796142578    0.05506184697151184    
0.5578853487968445    0.7229341268539429    0.30260005593299866    0.4979555010795593    0.16218650341033936    2.2194581031799316    0.10562330484390259    211.1445770263672    4.383909702301025    100.2649154663086    1.1037143468856812    0.05505061894655228    
0.5605501532554626    0.7256443500518799    0.2994033098220825    0.4978988766670227    0.1622849404811859    2.2188217639923096    0.1055920273065567    211.1764678955078    4.38777494430542    100.33560943603516    1.1037366390228271    0.0550764799118042    
0.5638728141784668    0.7291221022605896    0.29557254910469055    0.4978456199169159    0.1623775213956833    2.2183258533477783    0.10555896908044815    211.22544860839844    4.392018795013428    100.4114990234375    1.10367751121521    0.05510745197534561    
0.5634031295776367    0.7284828424453735    0.29472634196281433    0.4977578818798065    0.16243791580200195    2.2173850536346436    0.10555881261825562    211.26377868652344    4.394002914428711    100.48309326171875    1.1036287546157837    0.055117230862379074    
0.5598408579826355    0.7244605422019958    0.29634514451026917    0.49764934182167053    0.16245654225349426    2.2162253856658936    0.10558829456567764    211.30665588378906    4.39391565322876    100.55052947998047    1.103532314300537    0.05510992929339409    
0.5579647421836853    0.722267210483551    0.2964811623096466    0.49755239486694336    0.16246867179870605    2.2153589725494385    0.10561170428991318    211.37420654296875    4.394097328186035    100.60922241210938    1.1033436059951782    0.0551055371761322    
0.5587533712387085    0.7230572700500488    0.29521265625953674    0.49752452969551086    0.16248123347759247    2.2151906490325928    0.10561000555753708    211.41488647460938    4.3947930335998535    100.62944793701172    1.103237271308899    0.05510896071791649    
0.5596968531608582    0.723875880241394    0.29191499948501587    0.4974019229412079    0.1624935120344162    2.214478015899658    0.10562815517187119    211.57337951660156    4.396162986755371    100.7055892944336    1.1027746200561523    0.05511240288615227    
0.5584077835083008    0.7222895622253418    0.2906637489795685    0.49727147817611694    0.16247069835662842    2.2137160301208496    0.10566961020231247    211.71633911132812    4.3959760665893555    100.7737045288086    1.1023285388946533    0.055104415863752365    
0.5583910942077637    0.7221656441688538    0.28957781195640564    0.49721312522888184    0.16246116161346436    2.2134292125701904    0.10568606853485107    211.78909301757812    4.395987510681152    100.8016357421875    1.102110743522644    0.05510103702545166    
0.5580542683601379    0.7216085195541382    0.28779900074005127    0.4971015155315399    0.1624356210231781    2.2128913402557373    0.10572022199630737    211.92892456054688    4.395761489868164    100.85334777832031    1.1016958951950073    0.05509288236498833    
0.5553258657455444    0.7183733582496643    0.2862316966056824    0.4968797266483307    0.1623607724905014    2.2117412090301514    0.10580209642648697    212.177734375    4.3942461013793945    100.95037078857422    1.1009509563446045    0.05506923794746399    
0.5549511909484863    0.7177185416221619    0.28370344638824463    0.4967302680015564    0.16231578588485718    2.2110743522644043    0.10585012286901474    212.36280822753906    4.3934526443481445    101.0041275024414    1.100430965423584    0.05505242943763733    
0.5558484792709351    0.7185155153274536    0.2817123830318451    0.49666956067085266    0.16230252385139465    2.2108893394470215    0.10586502403020859    212.4522247314453    4.393315315246582    101.02034759521484    1.100193738937378    0.055045824497938156    
0.5562961101531982    0.7188377380371094    0.27913257479667664    0.4965735375881195    0.16227851808071136    2.2104926109313965    0.10588903725147247    212.58428955078125    4.3930535316467285    101.0483169555664    1.0998491048812866    0.055035050958395004    
0.5504850149154663    0.7130070924758911    0.28034844994544983    0.49645453691482544    0.16222330927848816    2.209287643432617    0.10593125969171524    212.671630859375    4.392210960388184    101.10755157470703    1.0996242761611938    0.05501922592520714    
0.5503708124160767    0.7128618359565735    0.27851006388664246    0.4964010715484619    0.16221334040164948    2.208997964859009    0.10593821108341217    212.740478515625    4.392167091369629    101.1170425415039    1.0994700193405151    0.055012863129377365    
0.5541068315505981    0.7164973616600037    0.27397871017456055    0.49635910987854004    0.1622251719236374    2.209218740463257    0.10593133419752121    212.83946228027344    4.392495155334473    101.10255432128906    1.099245548248291    0.0550093837082386    
0.5566340088844299    0.7189632058143616    0.27126049995422363    0.496336430311203    0.16223274171352386    2.2093958854675293    0.10592780262231827    212.8982696533203    4.3926897048950195    101.09331512451172    1.0991066694259644    0.05500742793083191    
0.5565091371536255    0.7190088629722595    0.26911887526512146    0.4963257610797882    0.1622447967529297    2.20920991897583    0.10590892285108566    212.91050720214844    4.3930888175964355    101.07686614990234    1.099148154258728    0.05500572919845581    
0.5545967221260071    0.7172278761863708    0.26987555623054504    0.49633631110191345    0.16224616765975952    2.2089710235595703    0.10590066015720367    212.87338256835938    4.393163204193115    101.07418823242188    1.0992765426635742    0.05500614643096924    
0.5477161407470703    0.710805356502533    0.27302059531211853    0.4963720440864563    0.16223996877670288    2.2080228328704834    0.10587828606367111    212.7526397705078    4.393333435058594    101.0749740600586    1.0996934175491333    0.05500556901097298    
0.546201229095459    0.7094172239303589    0.27348798513412476    0.49638113379478455    0.16224056482315063    2.2077877521514893    0.10587076097726822    212.7213592529297    4.393403053283691    101.0726318359375    1.0998053550720215    0.055005259811878204    
0.5477980971336365    0.7110059857368469    0.2714664041996002    0.49638837575912476    0.1622692048549652    2.2080488204956055    0.10585272312164307    212.69564819335938    4.393628120422363    101.04296112060547    1.0998989343643188    0.055007606744766235    
0.5510933995246887    0.7142935395240784    0.26776883006095886    0.49640271067619324    0.16231702268123627    2.2085602283477783    0.10582351684570312    212.6652069091797    4.394024848937988    100.99215698242188    1.1000186204910278    0.05501115322113037    
0.5483390092849731    0.711755633354187    0.26887935400009155    0.4964350759983063    0.16232089698314667    2.20825457572937    0.10580625385046005    212.60000610351562    4.394221305847168    100.98297119140625    1.1002440452575684    0.055012136697769165    
0.5479441285133362    0.7114776968955994    0.2685571610927582    0.49646374583244324    0.1623399257659912    2.2082934379577637    0.10578713566064835    212.5465850830078    4.394454002380371    100.96045684814453    1.1004213094711304    0.055014438927173615    
0.5506675243377686    0.7141910791397095    0.2660069167613983    0.4964745044708252    0.16237416863441467    2.2087063789367676    0.10576926916837692    212.52725219726562    4.394715309143066    100.9255599975586    1.1004891395568848    0.05501711368560791    
0.5512154698371887    0.7148104906082153    0.26494309306144714    0.4964922070503235    0.16239318251609802    2.2088210582733154    0.10575371980667114    212.4972381591797    4.394942283630371    100.9039306640625    1.1005972623825073    0.05501877889037132    
0.5484843850135803    0.7122637629508972    0.26634302735328674    0.4965341091156006    0.1623958796262741    2.20857572555542    0.10573621839284897    212.4320831298828    4.395170211791992    100.89498901367188    1.1008182764053345    0.05502045899629593    
0.5470369458198547    0.710915207862854    0.2671811580657959    0.49655866622924805    0.16239745914936066    2.2084550857543945    0.10572671890258789    212.39511108398438    4.395289421081543    100.89006042480469    1.1009405851364136    0.0550215058028698    
0.5510276556015015    0.7149287462234497    0.2638460099697113    0.496584415435791    0.1624458283185959    2.2090959548950195    0.1057019829750061    212.36106872558594    4.395681858062744    100.8426742553711    1.1010446548461914    0.05502690002322197    
0.5539218783378601    0.7178568243980408    0.261271208524704    0.4965938925743103    0.16247431933879852    2.20949125289917    0.10568856447935104    212.3516845703125    4.395904064178467    100.81462860107422    1.1010769605636597    0.05502942204475403    
0.5547548532485962    0.7187265157699585    0.2604532539844513    0.4966021776199341    0.16248492896556854    2.209620475769043    0.10568197816610336    212.34225463867188    4.3960065841674805    100.80350494384766    1.1011086702346802    0.05503057315945625    
0.5509199500083923    0.7151166200637817    0.2624781131744385    0.49670109152793884    0.16249707341194153    2.2094783782958984    0.10564490407705307    212.22479248046875    4.396499156951904    100.77754211425781    1.101501226425171    0.05503654107451439    
0.5464051365852356    0.7108058929443359    0.26510006189346313    0.49678516387939453    0.1624937653541565    2.209174871444702    0.10561789572238922    212.1261444091797    4.396828651428223    100.76773071289062    1.101831078529358    0.05504046007990837    
0.5475355386734009    0.7120031714439392    0.26379936933517456    0.4968186616897583    0.16250893473625183    2.209465503692627    0.10560405254364014    212.0989227294922    4.397032737731934    100.75135040283203    1.101912260055542    0.055045485496520996    
0.5500306487083435    0.7145091891288757    0.2618808448314667    0.4968247711658478    0.16252537071704865    2.2098286151885986    0.10559912025928497    212.1014862060547    4.397133827209473    100.73827362060547    1.1018925905227661    0.055048923939466476    
0.5532801747322083    0.7178217172622681    0.2593405842781067    0.496852308511734    0.16254889965057373    2.2103700637817383    0.1055871844291687    212.08938598632812    4.397272109985352    100.71601867675781    1.1019127368927002    0.055054616183042526    
0.5523555874824524    0.7169433236122131    0.2597110867500305    0.4969063401222229    0.16254983842372894    2.2105114459991455    0.10557270050048828    212.0489044189453    4.397270202636719    100.70500183105469    1.102038025856018    0.055058397352695465    
0.548247218132019    0.712846040725708    0.2623472511768341    0.49698272347450256    0.1625349074602127    2.2103607654571533    0.10555511713027954    211.98403930664062    4.397175312042236    100.7007064819336    1.102251410484314    0.05506063252687454    
0.5465955138206482    0.7112188935279846    0.2633497714996338    0.4970416724681854    0.162526935338974    2.210439920425415    0.10554277151823044    211.94436645507812    4.397054195404053    100.69566345214844    1.1023720502853394    0.05506378412246704    
0.5480782389640808    0.7126856446266174    0.26184380054473877    0.49706369638442993    0.1625184565782547    2.2107880115509033    0.10554422438144684    211.96109008789062    4.396754264831543    100.69853210449219    1.1023026704788208    0.05506739765405655    
0.5479708313941956    0.7125667929649353    0.26178982853889465    0.4970737099647522    0.1625135838985443    2.210839033126831    0.10554398596286774    211.96182250976562    4.396655082702637    100.70018768310547    1.1022976636886597    0.05506811663508415    
0.5473130345344543    0.7118770480155945    0.2620334029197693    0.4971120059490204    0.16250115633010864    2.210979700088501    0.10553999245166779    211.9530792236328    4.396407127380371    100.7020263671875    1.1023179292678833    0.055070508271455765    
0.5469232201576233    0.7114657163619995    0.26223641633987427    0.4971376955509186    0.16249419748783112    2.211076498031616    0.10553683340549469    211.94595336914062    4.396263122558594    100.70235443115234    1.1023352146148682    0.055072128772735596    
0.5484986901283264    0.7130927443504333    0.26114505529403687    0.49715644121170044    0.16249671578407288    2.211361885070801    0.10553455352783203    211.94810485839844    4.396180152893066    100.69879150390625    1.1023130416870117    0.05507529899477959    
0.5511497259140015    0.7158465385437012    0.25932008028030396    0.49715590476989746    0.16250638663768768    2.211658000946045    0.10553505271673203    211.9593505859375    4.396191120147705    100.69413757324219    1.1022611856460571    0.05507790669798851    
0.5546145439147949    0.7194607257843018    0.25696083903312683    0.4971674978733063    0.16251400113105774    2.212102174758911    0.10553526133298874    211.97418212890625    4.3961052894592285    100.68958282470703    1.1021884679794312    0.05508190393447876    
0.5494298934936523    0.7138530015945435    0.2605164349079132    0.49724337458610535    0.1624593734741211    2.2120440006256104    0.10553472489118576    211.9764862060547    4.395352840423584    100.7129135131836    1.1021860837936401    0.055083371698856354    
0.5457762479782104    0.7098991274833679    0.26298484206199646    0.4972921311855316    0.16241252422332764    2.2119903564453125    0.1055390015244484    211.9927215576172    4.394687652587891    100.7358627319336    1.1021368503570557    0.05508347228169441    
0.5461352467536926    0.7102295756340027    0.2627122402191162    0.49730345606803894    0.16239860653877258    2.2121307849884033    0.10554348677396774    212.0132598876953    4.394406318664551    100.74429321289062    1.1020638942718506    0.05508451536297798    
0.549275815486908    0.7134413719177246    0.26038846373558044    0.497296541929245    0.16237834095954895    2.2125234603881836    0.10555975884199142    212.07833862304688    4.3938493728637695    100.76204681396484    1.1018340587615967    0.055086251348257065    
0.5517167448997498    0.7159370183944702    0.2584834396839142    0.4972861111164093    0.1623581498861313    2.2128102779388428    0.10557518154382706    212.138916015625    4.393378734588623    100.78011322021484    1.1016258001327515    0.05508724972605705    
0.5462076663970947    0.7099529504776001    0.26210421323776245    0.49735227227211    0.1623121201992035    2.212677001953125    0.10557030886411667    212.141845703125    4.393065452575684    100.80142211914062    1.1016377210617065    0.055089838802814484    
0.5432375073432922    0.7067814469337463    0.26415660977363586    0.49738985300064087    0.1622961163520813    2.212571859359741    0.10556328296661377    212.12628173828125    4.393036842346191    100.80590057373047    1.1016985177993774    0.05509098991751671    
0.5418741703033447    0.7053532600402832    0.2651365101337433    0.49745407700538635    0.16228044033050537    2.2127552032470703    0.10555175691843033    212.11622619628906    4.393008708953857    100.8076171875    1.1017341613769531    0.05509590730071068    
0.5464115142822266    0.7102826237678528    0.2620244026184082    0.4975038766860962    0.1622837483882904    2.2134344577789307    0.10554404556751251    212.13650512695312    4.393017292022705    100.80193328857422    1.1016504764556885    0.05510437488555908    
0.5496237277984619    0.7138381600379944    0.2599436938762665    0.49759724736213684    0.1622833013534546    2.2141692638397217    0.10552489012479782    212.1336669921875    4.393097877502441    100.79084014892578    1.101644515991211    0.055115312337875366    
0.5463292002677917    0.7102646827697754    0.2624454200267792    0.49768298864364624    0.16227370500564575    2.2142817974090576    0.1055031418800354    212.09146118164062    4.393213748931885    100.78237915039062    1.1017889976501465    0.05512082204222679    
0.5453330278396606    0.7092204093933105    0.26334166526794434    0.49775126576423645    0.16226790845394135    2.2145094871520996    0.10548710078001022    212.067626953125    4.3932600021362305    100.77476501464844    1.1018660068511963    0.05512590333819389    
0.546745777130127    0.7108016610145569    0.26243647933006287    0.49777382612228394    0.1622680276632309    2.214731216430664    0.1054830327630043    212.0703582763672    4.393239498138428    100.77156829833984    1.1018511056900024    0.05512851104140282    
0.5461467504501343    0.7101778388023376    0.2633271813392639    0.4978717863559723    0.16226300597190857    2.2151269912719727    0.10546063631772995    212.03407287597656    4.393223762512207    100.7579574584961    1.1019576787948608    0.055135708302259445    
0.5447924137115479    0.7086898684501648    0.2644946873188019    0.49791181087493896    0.16226011514663696    2.2151968479156494    0.10545074194669724    212.0112762451172    4.393227577209473    100.75234985351562    1.1020294427871704    0.05513795092701912    
0.5498782396316528    0.7144965529441833    0.2613588273525238    0.4979741871356964    0.1622631847858429    2.2158501148223877    0.10543940216302872    212.015380859375    4.393103122711182    100.74040222167969    1.1019896268844604    0.05514439940452576    
0.5551862120628357    0.7205365896224976    0.2577739655971527    0.4979781210422516    0.16226054728031158    2.2162797451019287    0.10544469207525253    212.05410766601562    4.392858028411865    100.74198913574219    1.1018433570861816    0.05514621362090111    
0.5570963621139526    0.7227246165275574    0.256499707698822    0.4979799687862396    0.16225804388523102    2.216437816619873    0.10544712841510773    212.06982421875    4.392740726470947    100.74337005615234    1.1017839908599854    0.05514674261212349    
0.556208074092865    0.7213464975357056    0.25734153389930725    0.4979499280452728    0.16220727562904358    2.216458559036255    0.10547621548175812    212.16217041015625    4.3916916847229    100.77872467041016    1.1014809608459473    0.05514267832040787    
0.5543028116226196    0.7189583778381348    0.25876137614250183    0.4979311227798462    0.16218017041683197    2.216355323791504    0.10549113899469376    212.20367431640625    4.391178607940674    100.79792022705078    1.10135018825531    0.0551399290561676    
0.5501562356948853    0.713822603225708    0.2618357241153717    0.4978993833065033    0.16212990880012512    2.216134786605835    0.10551770031452179    212.27517700195312    4.3902411460876465    100.83277893066406    1.1011263132095337    0.055134713649749756    
0.5458464026451111    0.7084962129592896    0.2648095488548279    0.49784260988235474    0.16207894682884216    2.2158026695251465    0.10555016994476318    212.36012268066406    4.389337062835693    100.87266540527344    1.1008665561676025    0.05512773618102074    
0.5457213521003723    0.7080798745155334    0.2646059989929199    0.4977594017982483    0.16204506158828735    2.2155988216400146    0.10558392852544785    212.4587860107422    4.388747215270996    100.90840911865234    1.1005613803863525    0.055121760815382004    
0.5494324564933777    0.7120766639709473    0.2612852156162262    0.49761396646499634    0.16201716661453247    2.2154037952423096    0.10563117265701294    212.6085968017578    4.388355731964111    100.9535903930664    1.1001014709472656    0.05511476472020149    
0.5500515103340149    0.7127242684364319    0.2606494128704071    0.4975777864456177    0.16201090812683105    2.21533465385437    0.10564213246107101    212.6438751220703    4.388303756713867    100.96440887451172    1.0999959707260132    0.055113133043050766    
0.5469427704811096    0.70908522605896    0.2624790072441101    0.49756473302841187    0.16201886534690857    2.2150838375091553    0.10563477128744125    212.63519287109375    4.388933181762695    100.96194458007812    1.1000611782073975    0.05511465668678284    
0.5447795987129211    0.7066695094108582    0.2638484239578247    0.49758970737457275    0.1620406061410904    2.214988946914673    0.10561402142047882    212.5862274169922    4.389674186706543    100.94280242919922    1.1002429723739624    0.05511828139424324    
0.5484333634376526    0.7110058665275574    0.26104313135147095    0.4975726306438446    0.1620633602142334    2.215118885040283    0.10560876131057739    212.58689880371094    4.390100955963135    100.92976379394531    1.1002484560012817    0.05512002855539322    
0.5517905950546265    0.7149711847305298    0.2585688531398773    0.49755191802978516    0.16207313537597656    2.2152395248413086    0.10561138391494751    212.6027069091797    4.390191078186035    100.92625427246094    1.100195050239563    0.055120110511779785    
0.5546552538871765    0.718651533126831    0.25638145208358765    0.4976039230823517    0.1621357649564743    2.2154664993286133    0.1055690199136734    212.50357055664062    4.391499996185303    100.87266540527344    1.1005278825759888    0.05512803792953491    
0.5505831837654114    0.7141771912574768    0.2592043876647949    0.4977225661277771    0.16220182180404663    2.215484857559204    0.10550316423177719    212.3294677734375    4.393198013305664    100.80645751953125    1.1011193990707397    0.05513932928442955    
0.5484759211540222    0.7118588089942932    0.2606916129589081    0.49778303503990173    0.16223356127738953    2.2154953479766846    0.10547063499689102    212.24266052246094    4.394016742706299    100.77401733398438    1.1014126539230347    0.05514484643936157    
0.5462605953216553    0.7094846367835999    0.26209649443626404    0.49785158038139343    0.1622808873653412    2.2154881954193115    0.10542779415845871    212.1293182373047    4.3952107429504395    100.7290267944336    1.1018011569976807    0.05515185743570328    
0.5478848814964294    0.7115905284881592    0.2606036961078644    0.49786943197250366    0.16231948137283325    2.215557813644409    0.10540473461151123    212.07443237304688    4.3960652351379395    100.6993408203125    1.1019930839538574    0.05515623092651367    
0.5502877831459045    0.7145572900772095    0.25862637162208557    0.4978705048561096    0.16234427690505981    2.2156476974487305    0.10539368540048599    212.04904174804688    4.396508693695068    100.6810531616211    1.1020793914794922    0.055158354341983795    
0.5457730293273926    0.7089132070541382    0.26164761185646057    0.4978371560573578    0.16231079399585724    2.215318202972412    0.10541454702615738    212.07907104492188    4.395630836486816    100.7011489868164    1.1019859313964844    0.055150192230939865    
0.5432659983634949    0.7057884931564331    0.26343637704849243    0.49782276153564453    0.16228869557380676    2.2151575088500977    0.1054270789027214    212.09869384765625    4.395077228546143    100.71464538574219    1.1019203662872314    0.0551457405090332    
0.5424400568008423    0.7046663761138916    0.26406821608543396    0.49781471490859985    0.16226615011692047    2.21512508392334    0.10544061660766602    212.1181640625    4.394299507141113    100.7255630493164    1.101840853691101    0.05514122173190117    
0.5503446459770203    0.7141679525375366    0.2583198845386505    0.49780702590942383    0.16227208077907562    2.2155532836914062    0.10544805973768234    212.13400268554688    4.393695831298828    100.7166976928711    1.10174560546875    0.05514049157500267    
0.5541442632675171    0.7188146114349365    0.2555130124092102    0.49779877066612244    0.16228146851062775    2.215718984603882    0.1054488942027092    212.1372528076172    4.393645763397217    100.7095947265625    1.101720929145813    0.05514059588313103    
0.5579797029495239    0.7232383489608765    0.252585768699646    0.4977414011955261    0.1622381955385208    2.2158327102661133    0.10548742860555649    212.22679138183594    4.392303466796875    100.7452163696289    1.101388692855835    0.05513449385762215    
0.557411789894104    0.7223703861236572    0.2529393434524536    0.4977149963378906    0.16220726072788239    2.2157795429229736    0.10550849884748459    212.27578735351562    4.3915910720825195    100.77056884765625    1.1012181043624878    0.05513108894228935    
0.5555110573768616    0.7197017073631287    0.25422006845474243    0.4976702332496643    0.1621469110250473    2.215653419494629    0.10554733127355576    212.36489868164062    4.390229225158691    100.8189468383789    1.100909948348999    0.05512453243136406    
0.5452688336372375    0.7064162492752075    0.2614551782608032    0.49759042263031006    0.16201366484165192    2.2151007652282715    0.10562484711408615    212.52784729003906    4.387363433837891    100.92107391357422    1.1003745794296265    0.055107444524765015    
0.5393014550209045    0.6988530158996582    0.26577499508857727    0.4975762367248535    0.1619454026222229    2.2148666381835938    0.10565594583749771    212.59425354003906    4.386087894439697    100.97157287597656    1.100160837173462    0.055100955069065094    
